# generated by tm_en_gh [RWA]; det_c =  200.000 MHz, det_1 =    0.000 MHz, det_2 = -100.000 MHz, alpha_1 =  -290.00 MHz, alpha_2 =  -310.00 MHz, J_qubit =     0.00 MHz, g_1 =    70.00 MHz, g_2 =    70.00 MHz, gamma_1 =     0.01 MHz, gamma_2 =     0.01 MHz, kappa =     0.05 MHz
#    row  column           Re.value [GHz]           Im.value [GHz]      i,  j,  n (row)          i,  j,  n (col)
       1       1   0.0000000000000000E+00   0.0000000000000000E+00      0      0      0          0      0      0
       2       2   2.0000000000000048E-01  -2.5000000000000001E-05      0      0      1          0      0      1
       2       7   6.9999999999999993E-02   0.0000000000000000E+00      0      0      1          0      1      0
       2      31   6.9999999999999993E-02   0.0000000000000000E+00      0      0      1          1      0      0
       3       3   4.0000000000000097E-01  -5.0000000000000002E-05      0      0      2          0      0      2
       3       8   9.8994949366116650E-02   0.0000000000000000E+00      0      0      2          0      1      1
       3      32   9.8994949366116650E-02   0.0000000000000000E+00      0      0      2          1      0      1
       4       4   6.0000000000000142E-01  -7.5000000000000007E-05      0      0      3          0      0      3
       4       9   1.2124355652982138E-01   0.0000000000000000E+00      0      0      3          0      1      2
       4      33   1.2124355652982138E-01   0.0000000000000000E+00      0      0      3          1      0      2
       5       5   8.0000000000000193E-01  -1.0000000000000000E-04      0      0      4          0      0      4
       5      10   1.3999999999999999E-01   0.0000000000000000E+00      0      0      4          0      1      3
       5      34   1.3999999999999999E-01   0.0000000000000000E+00      0      0      4          1      0      3
       6       6   1.0000000000000024E+00  -5.0000000000000000E+00      0      0      5          0      0      5
       6      11   1.5652475842498526E-01   0.0000000000000000E+00      0      0      5          0      1      4
       6      35   1.5652475842498526E-01   0.0000000000000000E+00      0      0      5          1      0      4
       7       7  -9.9999999999999895E-02  -6.0000000000000002E-06      0      1      0          0      1      0
       7      31   0.0000000000000000E+00   0.0000000000000000E+00      0      1      0          1      0      0
       8       8   1.0000000000000059E-01  -3.1000000000000001E-05      0      1      1          0      1      1
       8      13   9.8994949366116650E-02   0.0000000000000000E+00      0      1      1          0      2      0
       8      32   0.0000000000000000E+00   0.0000000000000000E+00      0      1      1          1      0      1
       8      37   6.9999999999999993E-02   0.0000000000000000E+00      0      1      1          1      1      0
       9       9   3.0000000000000104E-01  -5.6000000000000006E-05      0      1      2          0      1      2
       9      14   1.3999999999999999E-01   0.0000000000000000E+00      0      1      2          0      2      1
       9      33   0.0000000000000000E+00   0.0000000000000000E+00      0      1      2          1      0      2
       9      38   9.8994949366116650E-02   0.0000000000000000E+00      0      1      2          1      1      1
      10      10   5.0000000000000155E-01  -8.1000000000000004E-05      0      1      3          0      1      3
      10      15   1.7146428199482242E-01   0.0000000000000000E+00      0      1      3          0      2      2
      10      34   0.0000000000000000E+00   0.0000000000000000E+00      0      1      3          1      0      3
      10      39   1.2124355652982138E-01   0.0000000000000000E+00      0      1      3          1      1      2
      11      11   7.0000000000000207E-01  -1.0600000000000000E-04      0      1      4          0      1      4
      11      16   1.9798989873223330E-01   0.0000000000000000E+00      0      1      4          0      2      3
      11      35   0.0000000000000000E+00   0.0000000000000000E+00      0      1      4          1      0      4
      11      40   1.3999999999999999E-01   0.0000000000000000E+00      0      1      4          1      1      3
      12      12   9.0000000000000246E-01  -5.0000060000000000E+00      0      1      5          0      1      5
      12      17   2.2135943621178653E-01   0.0000000000000000E+00      0      1      5          0      2      4
      12      36   0.0000000000000000E+00   0.0000000000000000E+00      0      1      5          1      0      5
      12      41   1.5652475842498526E-01   0.0000000000000000E+00      0      1      5          1      1      4
      13      13  -5.0999999999999979E-01  -1.2000000000000000E-05      0      2      0          0      2      0
      13      37   0.0000000000000000E+00   0.0000000000000000E+00      0      2      0          1      1      0
      14      14  -3.0999999999999928E-01  -3.7000000000000005E-05      0      2      1          0      2      1
      14      19   1.2124355652982138E-01   0.0000000000000000E+00      0      2      1          0      3      0
      14      38   0.0000000000000000E+00   0.0000000000000000E+00      0      2      1          1      1      1
      14      43   6.9999999999999993E-02   0.0000000000000000E+00      0      2      1          1      2      0
      15      15  -1.0999999999999879E-01  -6.2000000000000003E-05      0      2      2          0      2      2
      15      20   1.7146428199482242E-01   0.0000000000000000E+00      0      2      2          0      3      1
      15      39   0.0000000000000000E+00   0.0000000000000000E+00      0      2      2          1      1      2
      15      44   9.8994949366116650E-02   0.0000000000000000E+00      0      2      2          1      2      1
      16      16   9.0000000000001690E-02  -8.7000000000000001E-05      0      2      3          0      2      3
      16      21   2.0999999999999994E-01   0.0000000000000000E+00      0      2      3          0      3      2
      16      40   0.0000000000000000E+00   0.0000000000000000E+00      0      2      3          1      1      3
      16      45   1.2124355652982138E-01   0.0000000000000000E+00      0      2      3          1      2      2
      17      17   2.9000000000000214E-01  -1.1200000000000001E-04      0      2      4          0      2      4
      17      22   2.4248711305964277E-01   0.0000000000000000E+00      0      2      4          0      3      3
      17      41   0.0000000000000000E+00   0.0000000000000000E+00      0      2      4          1      1      4
      17      46   1.3999999999999999E-01   0.0000000000000000E+00      0      2      4          1      2      3
      18      18   4.9000000000000260E-01  -5.0000119999999999E+00      0      2      5          0      2      5
      18      23   2.7110883423451915E-01   0.0000000000000000E+00      0      2      5          0      3      4
      18      42   0.0000000000000000E+00   0.0000000000000000E+00      0      2      5          1      1      5
      18      47   1.5652475842498526E-01   0.0000000000000000E+00      0      2      5          1      2      4
      19      19  -1.2299999999999995E+00  -1.6500000000000001E-05      0      3      0          0      3      0
      19      43   0.0000000000000000E+00   0.0000000000000000E+00      0      3      0          1      2      0
      20      20  -1.0299999999999991E+00  -4.1500000000000006E-05      0      3      1          0      3      1
      20      25   1.3999999999999999E-01   0.0000000000000000E+00      0      3      1          0      4      0
      20      44   0.0000000000000000E+00   0.0000000000000000E+00      0      3      1          1      2      1
      20      49   6.9999999999999993E-02   0.0000000000000000E+00      0      3      1          1      3      0
      21      21  -8.2999999999999852E-01  -6.6500000000000004E-05      0      3      2          0      3      2
      21      26   1.9798989873223330E-01   0.0000000000000000E+00      0      3      2          0      4      1
      21      45   0.0000000000000000E+00   0.0000000000000000E+00      0      3      2          1      2      2
      21      50   9.8994949366116650E-02   0.0000000000000000E+00      0      3      2          1      3      1
      22      22  -6.2999999999999812E-01  -9.1500000000000001E-05      0      3      3          0      3      3
      22      27   2.4248711305964277E-01   0.0000000000000000E+00      0      3      3          0      4      2
      22      46   0.0000000000000000E+00   0.0000000000000000E+00      0      3      3          1      2      3
      22      51   1.2124355652982138E-01   0.0000000000000000E+00      0      3      3          1      3      2
      23      23  -4.2999999999999761E-01  -1.1650000000000001E-04      0      3      4          0      3      4
      23      28   2.7999999999999997E-01   0.0000000000000000E+00      0      3      4          0      4      3
      23      47   0.0000000000000000E+00   0.0000000000000000E+00      0      3      4          1      2      4
      23      52   1.3999999999999999E-01   0.0000000000000000E+00      0      3      4          1      3      3
      24      24  -2.2999999999999712E-01  -5.0000165000000001E+00      0      3      5          0      3      5
      24      29   3.1304951684997051E-01   0.0000000000000000E+00      0      3      5          0      4      4
      24      48   0.0000000000000000E+00   0.0000000000000000E+00      0      3      5          1      2      5
      24      53   1.5652475842498526E-01   0.0000000000000000E+00      0      3      5          1      3      4
      25      25  -2.2599999999999993E+00  -5.0000000000000000E+00      0      4      0          0      4      0
      25      49   0.0000000000000000E+00   0.0000000000000000E+00      0      4      0          1      3      0
      26      26  -2.0599999999999987E+00  -5.0000249999999999E+00      0      4      1          0      4      1
      26      50   0.0000000000000000E+00   0.0000000000000000E+00      0      4      1          1      3      1
      26      55   6.9999999999999993E-02   0.0000000000000000E+00      0      4      1          1      4      0
      27      27  -1.8599999999999983E+00  -5.0000499999999999E+00      0      4      2          0      4      2
      27      51   0.0000000000000000E+00   0.0000000000000000E+00      0      4      2          1      3      2
      27      56   9.8994949366116650E-02   0.0000000000000000E+00      0      4      2          1      4      1
      28      28  -1.6599999999999979E+00  -5.0000749999999998E+00      0      4      3          0      4      3
      28      52   0.0000000000000000E+00   0.0000000000000000E+00      0      4      3          1      3      3
      28      57   1.2124355652982138E-01   0.0000000000000000E+00      0      4      3          1      4      2
      29      29  -1.4599999999999973E+00  -5.0000999999999998E+00      0      4      4          0      4      4
      29      53   0.0000000000000000E+00   0.0000000000000000E+00      0      4      4          1      3      4
      29      58   1.3999999999999999E-01   0.0000000000000000E+00      0      4      4          1      4      3
      30      30  -1.2599999999999969E+00  -1.0000000000000000E+01      0      4      5          0      4      5
      30      54   0.0000000000000000E+00   0.0000000000000000E+00      0      4      5          1      3      5
      30      59   1.5652475842498526E-01   0.0000000000000000E+00      0      4      5          1      4      4
      31      31   0.0000000000000000E+00  -6.0000000000000002E-06      1      0      0          1      0      0
      32      32   2.0000000000000048E-01  -3.1000000000000001E-05      1      0      1          1      0      1
      32      37   6.9999999999999993E-02   0.0000000000000000E+00      1      0      1          1      1      0
      32      61   9.8994949366116650E-02   0.0000000000000000E+00      1      0      1          2      0      0
      33      33   4.0000000000000097E-01  -5.6000000000000006E-05      1      0      2          1      0      2
      33      38   9.8994949366116650E-02   0.0000000000000000E+00      1      0      2          1      1      1
      33      62   1.3999999999999999E-01   0.0000000000000000E+00      1      0      2          2      0      1
      34      34   6.0000000000000142E-01  -8.1000000000000004E-05      1      0      3          1      0      3
      34      39   1.2124355652982138E-01   0.0000000000000000E+00      1      0      3          1      1      2
      34      63   1.7146428199482242E-01   0.0000000000000000E+00      1      0      3          2      0      2
      35      35   8.0000000000000193E-01  -1.0600000000000000E-04      1      0      4          1      0      4
      35      40   1.3999999999999999E-01   0.0000000000000000E+00      1      0      4          1      1      3
      35      64   1.9798989873223330E-01   0.0000000000000000E+00      1      0      4          2      0      3
      36      36   1.0000000000000024E+00  -5.0000060000000000E+00      1      0      5          1      0      5
      36      41   1.5652475842498526E-01   0.0000000000000000E+00      1      0      5          1      1      4
      36      65   2.2135943621178653E-01   0.0000000000000000E+00      1      0      5          2      0      4
      37      37  -9.9999999999999895E-02  -1.2000000000000000E-05      1      1      0          1      1      0
      37      61   0.0000000000000000E+00   0.0000000000000000E+00      1      1      0          2      0      0
      38      38   1.0000000000000059E-01  -3.7000000000000005E-05      1      1      1          1      1      1
      38      43   9.8994949366116650E-02   0.0000000000000000E+00      1      1      1          1      2      0
      38      62   0.0000000000000000E+00   0.0000000000000000E+00      1      1      1          2      0      1
      38      67   9.8994949366116650E-02   0.0000000000000000E+00      1      1      1          2      1      0
      39      39   3.0000000000000104E-01  -6.2000000000000003E-05      1      1      2          1      1      2
      39      44   1.3999999999999999E-01   0.0000000000000000E+00      1      1      2          1      2      1
      39      63   0.0000000000000000E+00   0.0000000000000000E+00      1      1      2          2      0      2
      39      68   1.3999999999999999E-01   0.0000000000000000E+00      1      1      2          2      1      1
      40      40   5.0000000000000155E-01  -8.7000000000000001E-05      1      1      3          1      1      3
      40      45   1.7146428199482242E-01   0.0000000000000000E+00      1      1      3          1      2      2
      40      64   0.0000000000000000E+00   0.0000000000000000E+00      1      1      3          2      0      3
      40      69   1.7146428199482242E-01   0.0000000000000000E+00      1      1      3          2      1      2
      41      41   7.0000000000000207E-01  -1.1200000000000001E-04      1      1      4          1      1      4
      41      46   1.9798989873223330E-01   0.0000000000000000E+00      1      1      4          1      2      3
      41      65   0.0000000000000000E+00   0.0000000000000000E+00      1      1      4          2      0      4
      41      70   1.9798989873223330E-01   0.0000000000000000E+00      1      1      4          2      1      3
      42      42   9.0000000000000246E-01  -5.0000119999999999E+00      1      1      5          1      1      5
      42      47   2.2135943621178653E-01   0.0000000000000000E+00      1      1      5          1      2      4
      42      66   0.0000000000000000E+00   0.0000000000000000E+00      1      1      5          2      0      5
      42      71   2.2135943621178653E-01   0.0000000000000000E+00      1      1      5          2      1      4
      43      43  -5.0999999999999979E-01  -1.8000000000000000E-05      1      2      0          1      2      0
      43      67   0.0000000000000000E+00   0.0000000000000000E+00      1      2      0          2      1      0
      44      44  -3.0999999999999928E-01  -4.3000000000000002E-05      1      2      1          1      2      1
      44      49   1.2124355652982138E-01   0.0000000000000000E+00      1      2      1          1      3      0
      44      68   0.0000000000000000E+00   0.0000000000000000E+00      1      2      1          2      1      1
      44      73   9.8994949366116650E-02   0.0000000000000000E+00      1      2      1          2      2      0
      45      45  -1.0999999999999879E-01  -6.7999999999999999E-05      1      2      2          1      2      2
      45      50   1.7146428199482242E-01   0.0000000000000000E+00      1      2      2          1      3      1
      45      69   0.0000000000000000E+00   0.0000000000000000E+00      1      2      2          2      1      2
      45      74   1.3999999999999999E-01   0.0000000000000000E+00      1      2      2          2      2      1
      46      46   9.0000000000001690E-02  -9.3000000000000011E-05      1      2      3          1      2      3
      46      51   2.0999999999999994E-01   0.0000000000000000E+00      1      2      3          1      3      2
      46      70   0.0000000000000000E+00   0.0000000000000000E+00      1      2      3          2      1      3
      46      75   1.7146428199482242E-01   0.0000000000000000E+00      1      2      3          2      2      2
      47      47   2.9000000000000214E-01  -1.1800000000000001E-04      1      2      4          1      2      4
      47      52   2.4248711305964277E-01   0.0000000000000000E+00      1      2      4          1      3      3
      47      71   0.0000000000000000E+00   0.0000000000000000E+00      1      2      4          2      1      4
      47      76   1.9798989873223330E-01   0.0000000000000000E+00      1      2      4          2      2      3
      48      48   4.9000000000000260E-01  -5.0000179999999999E+00      1      2      5          1      2      5
      48      53   2.7110883423451915E-01   0.0000000000000000E+00      1      2      5          1      3      4
      48      72   0.0000000000000000E+00   0.0000000000000000E+00      1      2      5          2      1      5
      48      77   2.2135943621178653E-01   0.0000000000000000E+00      1      2      5          2      2      4
      49      49  -1.2299999999999995E+00  -2.2500000000000001E-05      1      3      0          1      3      0
      49      73   0.0000000000000000E+00   0.0000000000000000E+00      1      3      0          2      2      0
      50      50  -1.0299999999999991E+00  -4.7500000000000003E-05      1      3      1          1      3      1
      50      55   1.3999999999999999E-01   0.0000000000000000E+00      1      3      1          1      4      0
      50      74   0.0000000000000000E+00   0.0000000000000000E+00      1      3      1          2      2      1
      50      79   9.8994949366116650E-02   0.0000000000000000E+00      1      3      1          2      3      0
      51      51  -8.2999999999999852E-01  -7.2500000000000000E-05      1      3      2          1      3      2
      51      56   1.9798989873223330E-01   0.0000000000000000E+00      1      3      2          1      4      1
      51      75   0.0000000000000000E+00   0.0000000000000000E+00      1      3      2          2      2      2
      51      80   1.3999999999999999E-01   0.0000000000000000E+00      1      3      2          2      3      1
      52      52  -6.2999999999999812E-01  -9.7500000000000012E-05      1      3      3          1      3      3
      52      57   2.4248711305964277E-01   0.0000000000000000E+00      1      3      3          1      4      2
      52      76   0.0000000000000000E+00   0.0000000000000000E+00      1      3      3          2      2      3
      52      81   1.7146428199482242E-01   0.0000000000000000E+00      1      3      3          2      3      2
      53      53  -4.2999999999999761E-01  -1.2250000000000000E-04      1      3      4          1      3      4
      53      58   2.7999999999999997E-01   0.0000000000000000E+00      1      3      4          1      4      3
      53      77   0.0000000000000000E+00   0.0000000000000000E+00      1      3      4          2      2      4
      53      82   1.9798989873223330E-01   0.0000000000000000E+00      1      3      4          2      3      3
      54      54  -2.2999999999999712E-01  -5.0000225000000000E+00      1      3      5          1      3      5
      54      59   3.1304951684997051E-01   0.0000000000000000E+00      1      3      5          1      4      4
      54      78   0.0000000000000000E+00   0.0000000000000000E+00      1      3      5          2      2      5
      54      83   2.2135943621178653E-01   0.0000000000000000E+00      1      3      5          2      3      4
      55      55  -2.2599999999999993E+00  -5.0000060000000000E+00      1      4      0          1      4      0
      55      79   0.0000000000000000E+00   0.0000000000000000E+00      1      4      0          2      3      0
      56      56  -2.0599999999999987E+00  -5.0000309999999999E+00      1      4      1          1      4      1
      56      80   0.0000000000000000E+00   0.0000000000000000E+00      1      4      1          2      3      1
      56      85   9.8994949366116650E-02   0.0000000000000000E+00      1      4      1          2      4      0
      57      57  -1.8599999999999983E+00  -5.0000559999999998E+00      1      4      2          1      4      2
      57      81   0.0000000000000000E+00   0.0000000000000000E+00      1      4      2          2      3      2
      57      86   1.3999999999999999E-01   0.0000000000000000E+00      1      4      2          2      4      1
      58      58  -1.6599999999999979E+00  -5.0000809999999998E+00      1      4      3          1      4      3
      58      82   0.0000000000000000E+00   0.0000000000000000E+00      1      4      3          2      3      3
      58      87   1.7146428199482242E-01   0.0000000000000000E+00      1      4      3          2      4      2
      59      59  -1.4599999999999973E+00  -5.0001059999999997E+00      1      4      4          1      4      4
      59      83   0.0000000000000000E+00   0.0000000000000000E+00      1      4      4          2      3      4
      59      88   1.9798989873223330E-01   0.0000000000000000E+00      1      4      4          2      4      3
      60      60  -1.2599999999999969E+00  -1.0000005999999999E+01      1      4      5          1      4      5
      60      84   0.0000000000000000E+00   0.0000000000000000E+00      1      4      5          2      3      5
      60      89   2.2135943621178653E-01   0.0000000000000000E+00      1      4      5          2      4      4
      61      61  -2.8999999999999998E-01  -1.2000000000000000E-05      2      0      0          2      0      0
      62      62  -8.9999999999999511E-02  -3.7000000000000005E-05      2      0      1          2      0      1
      62      67   6.9999999999999993E-02   0.0000000000000000E+00      2      0      1          2      1      0
      62      91   1.2124355652982138E-01   0.0000000000000000E+00      2      0      1          3      0      0
      63      63   1.1000000000000097E-01  -6.2000000000000003E-05      2      0      2          2      0      2
      63      68   9.8994949366116650E-02   0.0000000000000000E+00      2      0      2          2      1      1
      63      92   1.7146428199482242E-01   0.0000000000000000E+00      2      0      2          3      0      1
      64      64   3.1000000000000144E-01  -8.7000000000000001E-05      2      0      3          2      0      3
      64      69   1.2124355652982138E-01   0.0000000000000000E+00      2      0      3          2      1      2
      64      93   2.0999999999999994E-01   0.0000000000000000E+00      2      0      3          3      0      2
      65      65   5.1000000000000190E-01  -1.1200000000000001E-04      2      0      4          2      0      4
      65      70   1.3999999999999999E-01   0.0000000000000000E+00      2      0      4          2      1      3
      65      94   2.4248711305964277E-01   0.0000000000000000E+00      2      0      4          3      0      3
      66      66   7.1000000000000230E-01  -5.0000119999999999E+00      2      0      5          2      0      5
      66      71   1.5652475842498526E-01   0.0000000000000000E+00      2      0      5          2      1      4
      66      95   2.7110883423451915E-01   0.0000000000000000E+00      2      0      5          3      0      4
      67      67  -3.8999999999999985E-01  -1.8000000000000000E-05      2      1      0          2      1      0
      67      91   0.0000000000000000E+00   0.0000000000000000E+00      2      1      0          3      0      0
      68      68  -1.8999999999999939E-01  -4.3000000000000002E-05      2      1      1          2      1      1
      68      73   9.8994949366116650E-02   0.0000000000000000E+00      2      1      1          2      2      0
      68      92   0.0000000000000000E+00   0.0000000000000000E+00      2      1      1          3      0      1
      68      97   1.2124355652982138E-01   0.0000000000000000E+00      2      1      1          3      1      0
      69      69   1.0000000000001077E-02  -6.7999999999999999E-05      2      1      2          2      1      2
      69      74   1.3999999999999999E-01   0.0000000000000000E+00      2      1      2          2      2      1
      69      93   0.0000000000000000E+00   0.0000000000000000E+00      2      1      2          3      0      2
      69      98   1.7146428199482242E-01   0.0000000000000000E+00      2      1      2          3      1      1
      70      70   2.1000000000000155E-01  -9.3000000000000011E-05      2      1      3          2      1      3
      70      75   1.7146428199482242E-01   0.0000000000000000E+00      2      1      3          2      2      2
      70      94   0.0000000000000000E+00   0.0000000000000000E+00      2      1      3          3      0      3
      70      99   2.0999999999999994E-01   0.0000000000000000E+00      2      1      3          3      1      2
      71      71   4.1000000000000197E-01  -1.1800000000000001E-04      2      1      4          2      1      4
      71      76   1.9798989873223330E-01   0.0000000000000000E+00      2      1      4          2      2      3
      71      95   0.0000000000000000E+00   0.0000000000000000E+00      2      1      4          3      0      4
      71     100   2.4248711305964277E-01   0.0000000000000000E+00      2      1      4          3      1      3
      72      72   6.1000000000000243E-01  -5.0000179999999999E+00      2      1      5          2      1      5
      72      77   2.2135943621178653E-01   0.0000000000000000E+00      2      1      5          2      2      4
      72      96   0.0000000000000000E+00   0.0000000000000000E+00      2      1      5          3      0      5
      72     101   2.7110883423451915E-01   0.0000000000000000E+00      2      1      5          3      1      4
      73      73  -7.9999999999999982E-01  -2.4000000000000001E-05      2      2      0          2      2      0
      73      97   0.0000000000000000E+00   0.0000000000000000E+00      2      2      0          3      1      0
      74      74  -5.9999999999999920E-01  -4.8999999999999998E-05      2      2      1          2      2      1
      74      79   1.2124355652982138E-01   0.0000000000000000E+00      2      2      1          2      3      0
      74      98   0.0000000000000000E+00   0.0000000000000000E+00      2      2      1          3      1      1
      74     103   1.2124355652982138E-01   0.0000000000000000E+00      2      2      1          3      2      0
      75      75  -3.9999999999999880E-01  -7.4000000000000010E-05      2      2      2          2      2      2
      75      80   1.7146428199482242E-01   0.0000000000000000E+00      2      2      2          2      3      1
      75      99   0.0000000000000000E+00   0.0000000000000000E+00      2      2      2          3      1      2
      75     104   1.7146428199482242E-01   0.0000000000000000E+00      2      2      2          3      2      1
      76      76  -1.9999999999999829E-01  -9.9000000000000008E-05      2      2      3          2      2      3
      76      81   2.0999999999999994E-01   0.0000000000000000E+00      2      2      3          2      3      2
      76     100   0.0000000000000000E+00   0.0000000000000000E+00      2      2      3          3      1      3
      76     105   2.0999999999999994E-01   0.0000000000000000E+00      2      2      3          3      2      2
      77      77   2.1770347895367100E-15  -1.2400000000000001E-04      2      2      4          2      2      4
      77      82   2.4248711305964277E-01   0.0000000000000000E+00      2      2      4          2      3      3
      77     101   0.0000000000000000E+00   0.0000000000000000E+00      2      2      4          3      1      4
      77     106   2.4248711305964277E-01   0.0000000000000000E+00      2      2      4          3      2      3
      78      78   2.0000000000000265E-01  -5.0000239999999998E+00      2      2      5          2      2      5
      78      83   2.7110883423451915E-01   0.0000000000000000E+00      2      2      5          2      3      4
      78     102   0.0000000000000000E+00   0.0000000000000000E+00      2      2      5          3      1      5
      78     107   2.7110883423451915E-01   0.0000000000000000E+00      2      2      5          3      2      4
      79      79  -1.5199999999999996E+00  -2.8500000000000002E-05      2      3      0          2      3      0
      79     103   0.0000000000000000E+00   0.0000000000000000E+00      2      3      0          3      2      0
      80      80  -1.3199999999999992E+00  -5.3499999999999999E-05      2      3      1          2      3      1
      80      85   1.3999999999999999E-01   0.0000000000000000E+00      2      3      1          2      4      0
      80     104   0.0000000000000000E+00   0.0000000000000000E+00      2      3      1          3      2      1
      80     109   1.2124355652982138E-01   0.0000000000000000E+00      2      3      1          3      3      0
      81      81  -1.1199999999999986E+00  -7.8500000000000011E-05      2      3      2          2      3      2
      81      86   1.9798989873223330E-01   0.0000000000000000E+00      2      3      2          2      4      1
      81     105   0.0000000000000000E+00   0.0000000000000000E+00      2      3      2          3      2      2
      81     110   1.7146428199482242E-01   0.0000000000000000E+00      2      3      2          3      3      1
      82      82  -9.1999999999999815E-01  -1.0350000000000001E-04      2      3      3          2      3      3
      82      87   2.4248711305964277E-01   0.0000000000000000E+00      2      3      3          2      4      2
      82     106   0.0000000000000000E+00   0.0000000000000000E+00      2      3      3          3      2      3
      82     111   2.0999999999999994E-01   0.0000000000000000E+00      2      3      3          3      3      2
      83      83  -7.1999999999999764E-01  -1.2850000000000001E-04      2      3      4          2      3      4
      83      88   2.7999999999999997E-01   0.0000000000000000E+00      2      3      4          2      4      3
      83     107   0.0000000000000000E+00   0.0000000000000000E+00      2      3      4          3      2      4
      83     112   2.4248711305964277E-01   0.0000000000000000E+00      2      3      4          3      3      3
      84      84  -5.1999999999999713E-01  -5.0000285000000000E+00      2      3      5          2      3      5
      84      89   3.1304951684997051E-01   0.0000000000000000E+00      2      3      5          2      4      4
      84     108   0.0000000000000000E+00   0.0000000000000000E+00      2      3      5          3      2      5
      84     113   2.7110883423451915E-01   0.0000000000000000E+00      2      3      5          3      3      4
      85      85  -2.5499999999999994E+00  -5.0000119999999999E+00      2      4      0          2      4      0
      85     109   0.0000000000000000E+00   0.0000000000000000E+00      2      4      0          3      3      0
      86      86  -2.3499999999999988E+00  -5.0000369999999998E+00      2      4      1          2      4      1
      86     110   0.0000000000000000E+00   0.0000000000000000E+00      2      4      1          3      3      1
      86     115   1.2124355652982138E-01   0.0000000000000000E+00      2      4      1          3      4      0
      87      87  -2.1499999999999981E+00  -5.0000619999999998E+00      2      4      2          2      4      2
      87     111   0.0000000000000000E+00   0.0000000000000000E+00      2      4      2          3      3      2
      87     116   1.7146428199482242E-01   0.0000000000000000E+00      2      4      2          3      4      1
      88      88  -1.9499999999999977E+00  -5.0000869999999997E+00      2      4      3          2      4      3
      88     112   0.0000000000000000E+00   0.0000000000000000E+00      2      4      3          3      3      3
      88     117   2.0999999999999994E-01   0.0000000000000000E+00      2      4      3          3      4      2
      89      89  -1.7499999999999973E+00  -5.0001119999999997E+00      2      4      4          2      4      4
      89     113   0.0000000000000000E+00   0.0000000000000000E+00      2      4      4          3      3      4
      89     118   2.4248711305964277E-01   0.0000000000000000E+00      2      4      4          3      4      3
      90      90  -1.5499999999999969E+00  -1.0000012000000000E+01      2      4      5          2      4      5
      90     114   0.0000000000000000E+00   0.0000000000000000E+00      2      4      5          3      3      5
      90     119   2.7110883423451915E-01   0.0000000000000000E+00      2      4      5          3      4      4
      91      91  -8.6999999999999988E-01  -1.6500000000000001E-05      3      0      0          3      0      0
      92      92  -6.6999999999999948E-01  -4.1500000000000006E-05      3      0      1          3      0      1
      92      97   6.9999999999999993E-02   0.0000000000000000E+00      3      0      1          3      1      0
      92     121   1.3999999999999999E-01   0.0000000000000000E+00      3      0      1          4      0      0
      93      93  -4.6999999999999897E-01  -6.6500000000000004E-05      3      0      2          3      0      2
      93      98   9.8994949366116650E-02   0.0000000000000000E+00      3      0      2          3      1      1
      93     122   1.9798989873223330E-01   0.0000000000000000E+00      3      0      2          4      0      1
      94      94  -2.6999999999999846E-01  -9.1500000000000001E-05      3      0      3          3      0      3
      94      99   1.2124355652982138E-01   0.0000000000000000E+00      3      0      3          3      1      2
      94     123   2.4248711305964277E-01   0.0000000000000000E+00      3      0      3          4      0      2
      95      95  -6.9999999999998008E-02  -1.1650000000000001E-04      3      0      4          3      0      4
      95     100   1.3999999999999999E-01   0.0000000000000000E+00      3      0      4          3      1      3
      95     124   2.7999999999999997E-01   0.0000000000000000E+00      3      0      4          4      0      3
      96      96   1.3000000000000247E-01  -5.0000165000000001E+00      3      0      5          3      0      5
      96     101   1.5652475842498526E-01   0.0000000000000000E+00      3      0      5          3      1      4
      96     125   3.1304951684997051E-01   0.0000000000000000E+00      3      0      5          4      0      4
      97      97  -9.6999999999999975E-01  -2.2500000000000001E-05      3      1      0          3      1      0
      97     121   0.0000000000000000E+00   0.0000000000000000E+00      3      1      0          4      0      0
      98      98  -7.6999999999999935E-01  -4.7500000000000003E-05      3      1      1          3      1      1
      98     103   9.8994949366116650E-02   0.0000000000000000E+00      3      1      1          3      2      0
      98     122   0.0000000000000000E+00   0.0000000000000000E+00      3      1      1          4      0      1
      98     127   1.3999999999999999E-01   0.0000000000000000E+00      3      1      1          4      1      0
      99      99  -5.6999999999999884E-01  -7.2500000000000000E-05      3      1      2          3      1      2
      99     104   1.3999999999999999E-01   0.0000000000000000E+00      3      1      2          3      2      1
      99     123   0.0000000000000000E+00   0.0000000000000000E+00      3      1      2          4      0      2
      99     128   1.9798989873223330E-01   0.0000000000000000E+00      3      1      2          4      1      1
     100     100  -3.6999999999999839E-01  -9.7500000000000012E-05      3      1      3          3      1      3
     100     105   1.7146428199482242E-01   0.0000000000000000E+00      3      1      3          3      2      2
     100     124   0.0000000000000000E+00   0.0000000000000000E+00      3      1      3          4      0      3
     100     129   2.4248711305964277E-01   0.0000000000000000E+00      3      1      3          4      1      2
     101     101  -1.6999999999999790E-01  -1.2250000000000000E-04      3      1      4          3      1      4
     101     106   1.9798989873223330E-01   0.0000000000000000E+00      3      1      4          3      2      3
     101     125   0.0000000000000000E+00   0.0000000000000000E+00      3      1      4          4      0      4
     101     130   2.7999999999999997E-01   0.0000000000000000E+00      3      1      4          4      1      3
     102     102   3.0000000000002580E-02  -5.0000225000000000E+00      3      1      5          3      1      5
     102     107   2.2135943621178653E-01   0.0000000000000000E+00      3      1      5          3      2      4
     102     126   0.0000000000000000E+00   0.0000000000000000E+00      3      1      5          4      0      5
     102     131   3.1304951684997051E-01   0.0000000000000000E+00      3      1      5          4      1      4
     103     103  -1.3799999999999997E+00  -2.8500000000000002E-05      3      2      0          3      2      0
     103     127   0.0000000000000000E+00   0.0000000000000000E+00      3      2      0          4      1      0
     104     104  -1.1799999999999993E+00  -5.3499999999999999E-05      3      2      1          3      2      1
     104     109   1.2124355652982138E-01   0.0000000000000000E+00      3      2      1          3      3      0
     104     128   0.0000000000000000E+00   0.0000000000000000E+00      3      2      1          4      1      1
     104     133   1.3999999999999999E-01   0.0000000000000000E+00      3      2      1          4      2      0
     105     105  -9.7999999999999876E-01  -7.8500000000000011E-05      3      2      2          3      2      2
     105     110   1.7146428199482242E-01   0.0000000000000000E+00      3      2      2          3      3      1
     105     129   0.0000000000000000E+00   0.0000000000000000E+00      3      2      2          4      1      2
     105     134   1.9798989873223330E-01   0.0000000000000000E+00      3      2      2          4      2      1
     106     106  -7.7999999999999825E-01  -1.0350000000000001E-04      3      2      3          3      2      3
     106     111   2.0999999999999994E-01   0.0000000000000000E+00      3      2      3          3      3      2
     106     130   0.0000000000000000E+00   0.0000000000000000E+00      3      2      3          4      1      3
     106     135   2.4248711305964277E-01   0.0000000000000000E+00      3      2      3          4      2      2
     107     107  -5.7999999999999774E-01  -1.2850000000000001E-04      3      2      4          3      2      4
     107     112   2.4248711305964277E-01   0.0000000000000000E+00      3      2      4          3      3      3
     107     131   0.0000000000000000E+00   0.0000000000000000E+00      3      2      4          4      1      4
     107     136   2.7999999999999997E-01   0.0000000000000000E+00      3      2      4          4      2      3
     108     108  -3.7999999999999734E-01  -5.0000285000000000E+00      3      2      5          3      2      5
     108     113   2.7110883423451915E-01   0.0000000000000000E+00      3      2      5          3      3      4
     108     132   0.0000000000000000E+00   0.0000000000000000E+00      3      2      5          4      1      5
     108     137   3.1304951684997051E-01   0.0000000000000000E+00      3      2      5          4      2      4
     109     109  -2.0999999999999992E+00  -3.3000000000000003E-05      3      3      0          3      3      0
     109     133   0.0000000000000000E+00   0.0000000000000000E+00      3      3      0          4      2      0
     110     110  -1.8999999999999990E+00  -5.8000000000000000E-05      3      3      1          3      3      1
     110     115   1.3999999999999999E-01   0.0000000000000000E+00      3      3      1          3      4      0
     110     134   0.0000000000000000E+00   0.0000000000000000E+00      3      3      1          4      2      1
     110     139   1.3999999999999999E-01   0.0000000000000000E+00      3      3      1          4      3      0
     111     111  -1.6999999999999984E+00  -8.3000000000000012E-05      3      3      2          3      3      2
     111     116   1.9798989873223330E-01   0.0000000000000000E+00      3      3      2          3      4      1
     111     135   0.0000000000000000E+00   0.0000000000000000E+00      3      3      2          4      2      2
     111     140   1.9798989873223330E-01   0.0000000000000000E+00      3      3      2          4      3      1
     112     112  -1.4999999999999980E+00  -1.0800000000000001E-04      3      3      3          3      3      3
     112     117   2.4248711305964277E-01   0.0000000000000000E+00      3      3      3          3      4      2
     112     136   0.0000000000000000E+00   0.0000000000000000E+00      3      3      3          4      2      3
     112     141   2.4248711305964277E-01   0.0000000000000000E+00      3      3      3          4      3      2
     113     113  -1.2999999999999976E+00  -1.3300000000000001E-04      3      3      4          3      3      4
     113     118   2.7999999999999997E-01   0.0000000000000000E+00      3      3      4          3      4      3
     113     137   0.0000000000000000E+00   0.0000000000000000E+00      3      3      4          4      2      4
     113     142   2.7999999999999997E-01   0.0000000000000000E+00      3      3      4          4      3      3
     114     114  -1.0999999999999970E+00  -5.0000330000000002E+00      3      3      5          3      3      5
     114     119   3.1304951684997051E-01   0.0000000000000000E+00      3      3      5          3      4      4
     114     138   0.0000000000000000E+00   0.0000000000000000E+00      3      3      5          4      2      5
     114     143   3.1304951684997051E-01   0.0000000000000000E+00      3      3      5          4      3      4
     115     115  -3.1299999999999994E+00  -5.0000165000000001E+00      3      4      0          3      4      0
     115     139   0.0000000000000000E+00   0.0000000000000000E+00      3      4      0          4      3      0
     116     116  -2.9299999999999988E+00  -5.0000415000000000E+00      3      4      1          3      4      1
     116     140   0.0000000000000000E+00   0.0000000000000000E+00      3      4      1          4      3      1
     116     145   1.3999999999999999E-01   0.0000000000000000E+00      3      4      1          4      4      0
     117     117  -2.7299999999999982E+00  -5.0000665000000000E+00      3      4      2          3      4      2
     117     141   0.0000000000000000E+00   0.0000000000000000E+00      3      4      2          4      3      2
     117     146   1.9798989873223330E-01   0.0000000000000000E+00      3      4      2          4      4      1
     118     118  -2.5299999999999980E+00  -5.0000914999999999E+00      3      4      3          3      4      3
     118     142   0.0000000000000000E+00   0.0000000000000000E+00      3      4      3          4      3      3
     118     147   2.4248711305964277E-01   0.0000000000000000E+00      3      4      3          4      4      2
     119     119  -2.3299999999999974E+00  -5.0001164999999999E+00      3      4      4          3      4      4
     119     143   0.0000000000000000E+00   0.0000000000000000E+00      3      4      4          4      3      4
     119     148   2.7999999999999997E-01   0.0000000000000000E+00      3      4      4          4      4      3
     120     120  -2.1299999999999968E+00  -1.0000016500000001E+01      3      4      5          3      4      5
     120     144   0.0000000000000000E+00   0.0000000000000000E+00      3      4      5          4      3      5
     120     149   3.1304951684997051E-01   0.0000000000000000E+00      3      4      5          4      4      4
     121     121  -1.7399999999999998E+00  -5.0000000000000000E+00      4      0      0          4      0      0
     122     122  -1.5399999999999994E+00  -5.0000249999999999E+00      4      0      1          4      0      1
     122     127   6.9999999999999993E-02   0.0000000000000000E+00      4      0      1          4      1      0
     123     123  -1.3399999999999990E+00  -5.0000499999999999E+00      4      0      2          4      0      2
     123     128   9.8994949366116650E-02   0.0000000000000000E+00      4      0      2          4      1      1
     124     124  -1.1399999999999983E+00  -5.0000749999999998E+00      4      0      3          4      0      3
     124     129   1.2124355652982138E-01   0.0000000000000000E+00      4      0      3          4      1      2
     125     125  -9.3999999999999795E-01  -5.0000999999999998E+00      4      0      4          4      0      4
     125     130   1.3999999999999999E-01   0.0000000000000000E+00      4      0      4          4      1      3
     126     126  -7.3999999999999744E-01  -1.0000000000000000E+01      4      0      5          4      0      5
     126     131   1.5652475842498526E-01   0.0000000000000000E+00      4      0      5          4      1      4
     127     127  -1.8399999999999996E+00  -5.0000060000000000E+00      4      1      0          4      1      0
     128     128  -1.6399999999999992E+00  -5.0000309999999999E+00      4      1      1          4      1      1
     128     133   9.8994949366116650E-02   0.0000000000000000E+00      4      1      1          4      2      0
     129     129  -1.4399999999999988E+00  -5.0000559999999998E+00      4      1      2          4      1      2
     129     134   1.3999999999999999E-01   0.0000000000000000E+00      4      1      2          4      2      1
     130     130  -1.2399999999999982E+00  -5.0000809999999998E+00      4      1      3          4      1      3
     130     135   1.7146428199482242E-01   0.0000000000000000E+00      4      1      3          4      2      2
     131     131  -1.0399999999999978E+00  -5.0001059999999997E+00      4      1      4          4      1      4
     131     136   1.9798989873223330E-01   0.0000000000000000E+00      4      1      4          4      2      3
     132     132  -8.3999999999999730E-01  -1.0000005999999999E+01      4      1      5          4      1      5
     132     137   2.2135943621178653E-01   0.0000000000000000E+00      4      1      5          4      2      4
     133     133  -2.2499999999999996E+00  -5.0000119999999999E+00      4      2      0          4      2      0
     134     134  -2.0499999999999989E+00  -5.0000369999999998E+00      4      2      1          4      2      1
     134     139   1.2124355652982138E-01   0.0000000000000000E+00      4      2      1          4      3      0
     135     135  -1.8499999999999988E+00  -5.0000619999999998E+00      4      2      2          4      2      2
     135     140   1.7146428199482242E-01   0.0000000000000000E+00      4      2      2          4      3      1
     136     136  -1.6499999999999981E+00  -5.0000869999999997E+00      4      2      3          4      2      3
     136     141   2.0999999999999994E-01   0.0000000000000000E+00      4      2      3          4      3      2
     137     137  -1.4499999999999977E+00  -5.0001119999999997E+00      4      2      4          4      2      4
     137     142   2.4248711305964277E-01   0.0000000000000000E+00      4      2      4          4      3      3
     138     138  -1.2499999999999973E+00  -1.0000012000000000E+01      4      2      5          4      2      5
     138     143   2.7110883423451915E-01   0.0000000000000000E+00      4      2      5          4      3      4
     139     139  -2.9699999999999993E+00  -5.0000165000000001E+00      4      3      0          4      3      0
     140     140  -2.7699999999999991E+00  -5.0000415000000000E+00      4      3      1          4      3      1
     140     145   1.3999999999999999E-01   0.0000000000000000E+00      4      3      1          4      4      0
     141     141  -2.5699999999999985E+00  -5.0000665000000000E+00      4      3      2          4      3      2
     141     146   1.9798989873223330E-01   0.0000000000000000E+00      4      3      2          4      4      1
     142     142  -2.3699999999999979E+00  -5.0000914999999999E+00      4      3      3          4      3      3
     142     147   2.4248711305964277E-01   0.0000000000000000E+00      4      3      3          4      4      2
     143     143  -2.1699999999999977E+00  -5.0001164999999999E+00      4      3      4          4      3      4
     143     148   2.7999999999999997E-01   0.0000000000000000E+00      4      3      4          4      4      3
     144     144  -1.9699999999999971E+00  -1.0000016500000001E+01      4      3      5          4      3      5
     144     149   3.1304951684997051E-01   0.0000000000000000E+00      4      3      5          4      4      4
     145     145  -3.9999999999999991E+00  -1.0000000000000000E+01      4      4      0          4      4      0
     146     146  -3.7999999999999985E+00  -1.0000025000000001E+01      4      4      1          4      4      1
     147     147  -3.5999999999999983E+00  -1.0000050000000000E+01      4      4      2          4      4      2
     148     148  -3.3999999999999977E+00  -1.0000075000000001E+01      4      4      3          4      4      3
     149     149  -3.1999999999999971E+00  -1.0000100000000000E+01      4      4      4          4      4      4
     150     150  -2.9999999999999969E+00  -1.5000000000000000E+01      4      4      5          4      4      5
